philipp:0.2916667,0.2083333,0.3179824,0.2083333,0.3442982,0.2083333,0.3706141,0.2083333,0.3969298,0.2083333,0.4232456,0.2083333,0.4495614,0.2083333,0.4758772,0.2083333,0.502193,0.2083333,0.5285088,0.2083333,0.5285088,0.2083333,0.502193,0.2083333,0.4758772,0.2083333,0.4495614,0.2083333,0.4232456,0.2083333,0.3969298,0.2083333,0.3706141,0.2083333,0.3442982,0.2083333,0.3179824,0.2083333,0.2916667,0.2083333:-0.9999999,0,-0.7777778,0,-0.5555554,0,-0.333333,0,-0.1111109,0,0.1111112,0,0.3333336,0,0.5555556,0,0.7777778,0,1,0,1,0,0.7777778,0,0.5555556,0,0.3333336,0,0.1111112,0,-0.1111109,0,-0.333333,0,-0.5555554,0,-0.7777778,0,-0.9999999,0
hilipp:0.375,0.2083333,0.3969298,0.2083333,0.4188597,0.2083333,0.4407895,0.2083333,0.4627193,0.2083333,0.4846492,0.2083333,0.506579,0.2083333,0.5285088,0.2083333,0.5328947,0.2083333,0.5109649,0.2083333,0.4890351,0.2083333,0.4671053,0.2083333,0.4451754,0.2083333,0.4232456,0.2083333,0.4013157,0.2083333,0.3793859,0.2083333,0.3574561,0.2083333,0.3355263,0.2083333,0.3135965,0.2083333,NaN,NaN:NaN,NaN,NaN,NaN,NaN,NaN,NaN,NaN,NaN,NaN,NaN,NaN,NaN,NaN,NaN,NaN,NaN,NaN,NaN,NaN,NaN,NaN,NaN,NaN,NaN,NaN,NaN,NaN,NaN,NaN,NaN,NaN,NaN,NaN,NaN,NaN,NaN,NaN,NaN,NaN
hilip:0.375,0.2083333,0.3969298,0.2083333,0.4188597,0.2083333,0.4407895,0.2083333,0.4627193,0.2083333,0.4846492,0.2083333,0.506579,0.2083333,0.5285088,0.2083333,0.5328947,0.2083333,0.5109649,0.2083333,0.4890351,0.2083333,0.4671053,0.2083333,0.4451754,0.2083333,0.4232456,0.2083333,0.4013157,0.2083333,0.3793859,0.2083333,0.3574561,0.2083333,0.3355263,0.2083333,0.3135965,0.2083333,0.2916667,0.2083333:-0.3090907,0,-0.1272725,0,0.05454574,0,0.2363637,0,0.4181822,0,0.6000004,0,0.7818186,0,0.9636366,0,1,0,0.8181821,0,0.6363637,0,0.4545457,0,0.2727272,0,0.09090899,0,-0.09090924,0,-0.2727272,0,-0.4545457,0,-0.6363637,0,-0.8181819,0,-0.9999999,0
