polk:0.8333333,0.2916667,0.8157212,0.2916667,0.7981091,0.2916667,0.780497,0.2916667,0.7628849,0.2916667,0.7505863,0.2869759,0.7527708,0.2694997,0.7549554,0.2520236,0.7571399,0.2345475,0.7593244,0.2170714,0.7615089,0.1995953,0.7636934,0.1821191,0.765878,0.164643,0.7680625,0.1471669,0.770247,0.1296908,0.7579485,0.125,0.7403364,0.125,0.7227243,0.125,0.7051122,0.125,0.6875,0.125:0.8750003,1,0.6636551,1,0.4523092,1,0.240964,1,0.02961874,1,-0.1179636,0.9437104,-0.09174944,0.7339971,-0.06553531,0.5242838,-0.03932119,0.31457,-0.01310706,0.1048567,0.01310706,-0.1048567,0.03932119,-0.3145702,0.06553603,-0.5242838,0.09175015,-0.7339971,0.1179643,-0.9437104,-0.02961731,-1,-0.2409625,-1,-0.4523084,-1,-0.6636537,-1,-0.8749996,-1
nml:0.5625,0.04166667,0.5747929,0.04166667,0.5870857,0.04166667,0.5993786,0.04166667,0.6116715,0.04166667,0.6239644,0.04166667,0.6362572,0.04166667,0.6480938,0.04317368,0.6583221,0.04999254,0.6685504,0.0568114,0.6787787,0.06363026,0.689007,0.07044911,0.6992353,0.07726797,0.7094635,0.08408684,0.7196919,0.0909057,0.7299201,0.09772456,0.7401484,0.1045434,0.7503767,0.1113623,0.760605,0.1181811,0.7708333,0.125:-0.9999998,-0.4,-0.8819883,-0.4,-0.7639768,-0.4,-0.6459647,-0.4,-0.5279532,-0.4,-0.4099417,-0.4,-0.2919302,-0.4,-0.178299,-0.3855326,-0.08010751,-0.3200716,0.01808396,-0.2546105,0.116276,-0.1891495,0.2144675,-0.1236885,0.3126589,-0.0582274,0.4108504,0.007233669,0.5090424,0.07269474,0.6072339,0.1381558,0.7054254,0.2036169,0.8036168,0.269078,0.9018089,0.3345389,1,0.3999999
ewm:0.25,0.2916667,0.2171686,0.2916667,0.1843372,0.2916667,0.1801081,0.2846538,0.2092159,0.2694671,0.2383237,0.2542804,0.2674316,0.2390937,0.2965394,0.223907,0.3256472,0.2087203,0.354755,0.1935336,0.3838629,0.1783469,0.4129707,0.1631602,0.4420785,0.1479735,0.4711863,0.1327868,0.5002941,0.1176002,0.529402,0.1024135,0.5585098,0.08722678,0.5876176,0.07204008,0.6167254,0.0568534,0.6458333,0.0416667:-0.6998576,0.5367971,-0.840848,0.5367971,-0.9818385,0.5367971,-0.9999999,0.506681,-0.8749999,0.4414636,-0.7499999,0.3762462,-0.6249999,0.3110289,-0.5,0.2458115,-0.3749999,0.1805941,-0.2499999,0.1153767,-0.1249999,0.05015932,0,-0.01505803,0.1249999,-0.08027545,0.2500001,-0.1454929,0.375,-0.2107102,0.5,-0.2759276,0.6249999,-0.341145,0.7500001,-0.4063624,0.875,-0.4715798,0.9999999,-0.5367972
